24 24
0.625 0.625 0.25 0.25
0.625 0.25 0.625 0.25
0.625 0.25 0.25 0.625
0.25 0.625 0.625 0.25
0.25 0.625 0.25 0.625
0.25 0.25 0.625 0.625
-0.125 0.625 0.25 0.25
-0.125 0.25 0.625 0.25
-0.125 0.25 0.25 0.625
0.25 -0.125 0.625 0.25
0.25 -0.125 0.25 0.625
0.25 0.25 -0.125 0.625
0.625 -0.125 0.25 0.25
0.625 0.25 -0.125 0.25
0.625 0.25 0.25 -0.125
0.25 0.625 -0.125 0.25
0.25 0.625 0.25 -0.125
0.25 0.25 0.625 -0.125
-0.125 -0.125 0.25 0.25
-0.125 0.25 -0.125 0.25
-0.125 0.25 0.25 -0.125
0.25 -0.125 -0.125 0.25
0.25 -0.125 0.25 -0.125
0.25 0.25 -0.125 -0.125

8
0 4 2 111
0 2 1 111
0 1 3 111
0 3 4 111
5 4 2 111
5 2 1 111
5 1 3 111
5 3 4 111
8
0 16 14 111
0 14 1 111
0 1 3 111
0 3 16 111
17 16 14 111
17 14 1 111
17 1 3 111
17 3 16 111
8
0 4 2 111
0 2 13 111
0 13 15 111
0 15 4 111
11 4 2 111
11 2 13 111
11 13 15 111
11 15 4 111
8
0 16 14 111
0 14 13 111
0 13 15 111
0 15 16 111
23 16 14 111
23 14 13 111
23 13 15 111
23 15 16 111
8
12 10 2 111
12 2 1 111
12 1 9 111
12 9 10 111
5 10 2 111
5 2 1 111
5 1 9 111
5 9 10 111
8
12 22 14 111
12 14 1 111
12 1 9 111
12 9 22 111
17 22 14 111
17 14 1 111
17 1 9 111
17 9 22 111
8
12 10 2 111
12 2 13 111
12 13 21 111
12 21 10 111
11 10 2 111
11 2 13 111
11 13 21 111
11 21 10 111
8
12 22 14 111
12 14 13 111
12 13 21 111
12 21 22 111
23 22 14 111
23 14 13 111
23 13 21 111
23 21 22 111
8
6 4 8 111
6 8 7 111
6 7 3 111
6 3 4 111
5 4 8 111
5 8 7 111
5 7 3 111
5 3 4 111
8
6 16 20 111
6 20 7 111
6 7 3 111
6 3 16 111
17 16 20 111
17 20 7 111
17 7 3 111
17 3 16 111
8
6 4 8 111
6 8 19 111
6 19 15 111
6 15 4 111
11 4 8 111
11 8 19 111
11 19 15 111
11 15 4 111
8
6 16 20 111
6 20 19 111
6 19 15 111
6 15 16 111
23 16 20 111
23 20 19 111
23 19 15 111
23 15 16 111
8
18 10 8 111
18 8 7 111
18 7 9 111
18 9 10 111
5 10 8 111
5 8 7 111
5 7 9 111
5 9 10 111
8
18 22 20 111
18 20 7 111
18 7 9 111
18 9 22 111
17 22 20 111
17 20 7 111
17 7 9 111
17 9 22 111
8
18 10 8 111
18 8 19 111
18 19 21 111
18 21 10 111
11 10 8 111
11 8 19 111
11 19 21 111
11 21 10 111
8
18 22 20 111
18 20 19 111
18 19 21 111
18 21 22 111
23 22 20 111
23 20 19 111
23 19 21 111
23 21 22 111
8
0 13 2 111
0 2 1 111
0 1 14 111
0 14 13 111
12 13 2 111
12 2 1 111
12 1 14 111
12 14 13 111
8
6 19 8 111
6 8 7 111
6 7 20 111
6 20 19 111
18 19 8 111
18 8 7 111
18 7 20 111
18 20 19 111
8
0 15 4 111
0 4 3 111
0 3 16 111
0 16 15 111
6 15 4 111
6 4 3 111
6 3 16 111
6 16 15 111
8
12 21 10 111
12 10 9 111
12 9 22 111
12 22 21 111
18 21 10 111
18 10 9 111
18 9 22 111
18 22 21 111
8
1 9 5 111
1 5 3 111
1 3 17 111
1 17 9 111
7 9 5 111
7 5 3 111
7 3 17 111
7 17 9 111
8
13 21 11 111
13 11 15 111
13 15 23 111
13 23 21 111
19 21 11 111
19 11 15 111
19 15 23 111
19 23 21 111
8
2 10 5 111
2 5 4 111
2 4 11 111
2 11 10 111
8 10 5 111
8 5 4 111
8 4 11 111
8 11 10 111
8
14 22 17 111
14 17 16 111
14 16 23 111
14 23 22 111
20 22 17 111
20 17 16 111
20 16 23 111
20 23 22 111
