16 8
0 0 0 0
0.5 0 0 0
0 0.5 0 0
0.5 0.5 0 0
0 0 0.5 0
0.5 0 0.5 0
0 0.5 0.5 0
0.5 0.5 0.5 0
0 0 0 0.5
0.5 0 0 0.5
0 0.5 0 0.5
0.5 0.5 0 0.5
0 0 0.5 0.5
0.5 0 0.5 0.5
0 0.5 0.5 0.5
0.5 0.5 0.5 0.5

12
0 8 10 101
0 2 10 101
0 4 6 101
0 2 6 101
0 8 12 101
0 4 12 101
14 6 2 101
14 10 2 101
14 6 4 101
14 12 4 101
14 12 8 101
14 10 8 101
12
1 9 11 101
1 3 11 101
1 5 7 101
1 3 7 101
1 9 13 101
1 5 13 101
15 7 3 101
15 11 3 101
15 7 5 101
15 13 5 101
15 13 9 101
15 11 9 101
12
0 8 9 101
0 1 9 101
0 4 5 101
0 1 5 101
0 8 12 101
0 4 12 101
13 5 1 101
13 9 1 101
13 5 4 101
13 12 4 101
13 12 8 101
13 9 8 101
12
2 10 11 101
2 3 11 101
2 6 7 101
2 3 7 101
2 10 14 101
2 6 14 101
15 7 3 101
15 11 3 101
15 7 6 101
15 14 6 101
15 14 10 101
15 11 10 101
12
0 8 9 101
0 1 9 101
0 2 3 101
0 1 3 101
0 8 10 101
0 2 10 101
11 3 1 101
11 9 1 101
11 3 2 101
11 10 2 101
11 10 8 101
11 9 8 101
12
4 12 13 101
4 5 13 101
4 6 7 101
4 5 7 101
4 12 14 101
4 6 14 101
15 7 5 101
15 13 5 101
15 7 6 101
15 14 6 101
15 14 12 101
15 13 12 101
12
0 4 5 101
0 1 5 101
0 2 3 101
0 1 3 101
0 4 6 101
0 2 6 101
7 3 1 101
7 5 1 101
7 3 2 101
7 6 2 101
7 6 4 101
7 5 4 101
12
8 12 13 101
8 9 13 101
8 10 11 101
8 9 11 101
8 12 14 101
8 10 14 101
15 11 9 101
15 13 9 101
15 11 10 101
15 14 10 101
15 14 12 101
15 13 12 101

